 [1] "w.Temp_C"                   "w.DO_mg.L"                  "w.Cond_uS.cm"              
 [4] "w.Turb_ntu"                 "w.pH"                       "m.Elev_m"                  
 [7] "m.Vel_m.s"                  "m.Slope"                    "m.Depth_max_cm"            
[10] "m.Depth_avg_cm"             "m.Depth_mar_cm"             "m.Width_m"                 
[13] "s.Mud"                      "s.Sand"                     "s.Gravel_f"                
[16] "s.Rocks"                    "h.Macrophytes"              "h.Grass"                   
[19] "h.Subm_veg"                 "h.Overh_veg"                "h.Leaf_l"                  
[22] "h.Algae_f"                  "h.Algae_a"                  "h.Root_masses"             
[25] "h.Debris_l"                 "h.Debris_s"                 "n.Ammonia_NH3_ug.L"        
[28] "n.Nitrite_NO2__ug.L"        "n.Nitrate_NO3__ug.L"        "n.Orthophosphate_SRP__ug.L"
[31] "n.Phosphorus_TP__ug.L"     
 [1] "w.Temp_C"       "w.DO_mg.L"      "w.Cond_uS.cm"   "w.Turb_ntu"     "w.pH"          
 [6] "m.Elev_m"       "m.Vel_m.s"      "m.Slope"        "m.Depth_avg_cm" "m.Width_m"     
[11] "s.Mud"          "s.Sand"         "s.Gravel_f"     "s.Rocks"        "h.Macrophytes" 
[16] "h.Grass"        "h.Subm_veg"     "h.Overh_veg"    "h.Leaf_l"       "h.Root_masses" 
[21] "h.algae"        "h.debris"      
           w.Temp_C w.DO_mg.L w.Cond_uS.cm w.Turb_ntu w.pH m.Elev_m  m.Vel_m.s m.Slope m.Depth_avg_cm
S-B-P05-H1     24.9       8.5       134.00       6.85 6.33  107.070 0.00000000     1.5      13.666667
S-B-P05-H2     25.1       8.1       164.40      10.70 7.46  107.070 0.02500000     1.0      13.666667
S-B-P05-H3     27.3       7.8       140.90       4.62 7.15  107.070 0.02500000     1.0      13.666667
S-B-P06-H1     25.3       7.8       154.10       2.14 6.83  112.840 0.03521954     2.5      20.333333
S-B-P06-H2     27.5       7.2       156.80       2.12 7.73  112.840 0.03521954     2.5      20.333333
S-B-P06-H3     26.8       7.6       134.10      14.10 5.87  112.840 0.03521954     2.5      28.333333
S-B-P07-H1     24.9       7.7        98.28       1.51 5.76   89.047 0.02218033     2.5      16.000000
S-B-P07-H2     25.3       7.9       160.20       9.25 6.05   89.047 0.10842627     1.5      20.333333
S-B-P07-H3     25.5       8.0       128.50       2.52 4.55   89.047 0.08722741     2.5      22.666667
S-B-P08-H1     28.5       8.4       161.30       6.26 6.00   89.059 0.00000000     2.0      51.333333
S-B-P08-H2     27.8       7.7       161.80       6.80 5.93   89.059 0.00000000     2.0      51.333333
S-B-P08-H3     27.0       6.5       158.80       6.13 5.87   89.059 0.00000000     2.0      30.000000
S-B-P09-H1     27.3       7.9       165.50      17.20 6.59   71.023 0.28000000     3.0      15.666667
S-B-P09-H2     26.9       7.8       163.20      17.70 6.59   71.023 0.25000000     3.0      15.000000
S-B-P09-H3     26.6       7.9       161.20      17.50 6.59   71.023 0.34782609     2.0      19.666667
S-B-P10-H1     26.5       5.1       155.20      24.20 7.26   41.474 0.02197802     1.5      40.666667
S-B-P10-H2     26.3       6.1       157.90      34.80 6.71   41.474 0.02197802     2.0      40.666667
S-B-P10-H3     26.2       4.9       149.70      29.90 6.61   41.474 0.02197802     1.0      40.666667
S-C-P11-H1      0.0       0.0         0.00       0.00 0.00   96.000 0.00000000     2.5       0.000000
S-C-P11-H2      0.0       0.0         0.00       0.00 0.00   96.000 0.00000000     2.5       0.000000
S-C-P11-H3      0.0       0.0         0.00       0.00 0.00   96.000 0.00000000     2.5       0.000000
S-C-P12-H1     26.5       6.8       120.20       8.00 6.44   80.000 0.18775817     1.0       5.333333
S-C-P12-H2     26.7       8.1       122.80       2.00 6.07   80.000 0.05516100     1.5       7.000000
S-C-P12-H3     27.4       8.1       129.80      10.00 5.80   80.000 0.11056705     1.5      17.000000
S-C-P13-H1     27.2       6.8       115.20      10.00 6.01   87.000 0.25179856     1.0      12.666667
S-C-P13-H2     27.1       7.5       122.40       8.00 6.00   87.000 0.21067416     2.0      10.333333
S-C-P13-H3     27.0       6.6       111.40       2.00 6.19   87.000 0.02132196     2.0      25.000000
S-C-P14-H1     27.5       5.1       145.70       7.00 5.99   76.000 0.04695571     3.5      16.333333
S-C-P14-H2     27.9       6.5       117.00      28.00 6.46   76.000 0.46052632     3.0      14.000000
S-C-P14-H3     28.0       6.8       184.20      14.00 6.31   76.000 0.15490153     3.0      10.666667
S-C-P15-H1     29.3       5.4       250.80      11.00 6.37   86.000 0.15909091     2.5      26.000000
S-C-P15-H2     29.1       5.0       232.30       8.00 6.27   86.000 0.10800802     2.5      21.000000
S-C-P15-H3     29.0       5.4       243.00      21.00 6.57   86.000 0.09025271     1.5      10.666667
S-C-P16-H1     31.4       7.1       139.10       8.00 6.50   76.000 0.00000000     1.0      40.000000
S-C-P16-H2     32.7       6.4       162.20       5.00 6.30   76.000 0.00000000     1.0      41.000000
S-C-P16-H3     33.4       7.3       156.40      12.00 6.80   76.000 0.00000000     1.0      42.000000
S-C-P17-H1     28.8       6.1       127.90      13.50 6.60   49.000 0.08382230     1.5      98.666667
S-C-P17-H2     29.1       7.6       129.40      14.60 6.51   49.000 0.10461345     1.0      70.000000
S-C-P17-H3     28.0       7.8       130.60      11.90 6.52   49.000 0.11499540     1.0      60.333333
S-C-P18-H1     28.7       5.4       130.70      11.70 6.84   47.000 0.11167513     1.0      63.333333
S-C-P18-H2     28.9       7.0       136.60       9.32 6.70   47.000 0.18211619     1.0      65.000000
S-C-P18-H3     28.5       5.8       134.00      12.50 6.60   47.000 0.17029973     1.0      63.333333
S-C-P19-H1     28.6       7.7       139.70      11.10 6.70   54.000 0.33025099     2.0      34.666667
S-C-P19-H2     28.5       6.2       134.00       4.27 6.54   54.000 0.33692722     2.0      47.333333
S-C-P19-H3     28.6       6.2       123.70       8.87 6.64   54.000 0.42408821     2.0      36.000000
           m.Width_m s.Mud s.Sand s.Gravel_f s.Rocks h.Macrophytes h.Grass h.Subm_veg h.Overh_veg
S-B-P05-H1      3.64   100      0          0       0           5.0     0.0          5          90
S-B-P05-H2      3.64   100      0          0       0           5.0     0.0          5          90
S-B-P05-H3      3.64   100      0          0       0           5.0     0.0          5          90
S-B-P06-H1      4.40   100      0          0       0          30.0     5.0          5          80
S-B-P06-H2      4.40   100      0          0       0          30.0     5.0         15          85
S-B-P06-H3      2.30   100      0          0       0           0.0     5.0          5          80
S-B-P07-H1      2.10    90     10          0       0           0.0     5.0          0          90
S-B-P07-H2      1.14    90     10          0       0           0.0     0.0          0          85
S-B-P07-H3      1.80    90     10          0       0           0.0     1.0         10          80
S-B-P08-H1     14.60    80     20          0       0          60.0    50.0          0          30
S-B-P08-H2     14.60    80     20          0       0          25.0    20.0          5          30
S-B-P08-H3     14.60    80     20          0       0          22.5    47.5          5          30
S-B-P09-H1      0.81    80     20          0       0           0.0     0.0         10          80
S-B-P09-H2      1.60    60     40          0       0           0.0     0.0         20          70
S-B-P09-H3      1.33    70     30          0       0           0.0     0.0         20          60
S-B-P10-H1      7.20    20     80          0       0           5.0    10.0          5           5
S-B-P10-H2      7.20    20     80          0       0           0.0     1.0         10          20
S-B-P10-H3      7.20    50     50          0       0           0.0    30.0          0           0
S-C-P11-H1     18.30     0    100          0       0           0.0     0.0          0           0
S-C-P11-H2     14.69     0    100          0       0           0.0     0.0          0           0
S-C-P11-H3     14.69     0    100          0       0           0.0     0.0          0           0
S-C-P12-H1      0.19    90     10          0       0           0.0     0.0          0          90
S-C-P12-H2      0.53    90     10          0       0           0.0     0.0          0          85
S-C-P12-H3      1.09    90     10          0       0           0.0     0.0          0          90
S-C-P13-H1      0.90    10     90          0       0           0.0     0.0          5          80
S-C-P13-H2      1.08    10     90          0       0           5.0     0.0          0          30
S-C-P13-H3      1.50    80     20          0       0           0.0     0.0          0          40
S-C-P14-H1      2.24     5     95          0       0           0.0     0.0          0          60
S-C-P14-H2      1.40     5     95          0       0           0.0     0.0          0          50
S-C-P14-H3      0.96     5     90          5       0           0.0     0.0          0          60
S-C-P15-H1      1.08    10     90          0       0           0.0     0.0          0          40
S-C-P15-H2      0.56    10     90          0       0           0.0     0.0          0          40
S-C-P15-H3      1.15    10     80         10       0           0.0     0.0          0          40
S-C-P16-H1     12.22   100      0          0       0          25.0    50.0         20           5
S-C-P16-H2      8.46   100      0          0       0          50.0    50.0         20           0
S-C-P16-H3     18.76   100      0          0       0          50.0    40.0         20           0
S-C-P17-H1      5.50    95      5          0       0           0.0     5.0         15          10
S-C-P17-H2      3.40   100      0          0       0           0.0     5.0          5          30
S-C-P17-H3      4.03    90      0          0      10           0.0     5.0          5          15
S-C-P18-H1     11.50   100      0          0       0          15.0     5.0         15           0
S-C-P18-H2     10.68     5     85         10       0           0.0     0.0          5          30
S-C-P18-H3      5.30     5     95          0       0           0.0     0.0          0          50
S-C-P19-H1      2.10     0    100          0       0           0.0     0.0          5          60
S-C-P19-H2      2.59     0    100          0       0           0.0     0.0          0          60
S-C-P19-H3      2.67     0    100          0       0           0.0     0.0          0          60
           h.Leaf_l h.Root_masses h.algae h.debris
S-B-P05-H1       10             0       5       30
S-B-P05-H2       10             0       5       30
S-B-P05-H3       10             0       5       30
S-B-P06-H1        5             5       0        5
S-B-P06-H2        1            15       1        6
S-B-P06-H3        5             5       0        5
S-B-P07-H1       30            15       2       15
S-B-P07-H2        5            10      21       11
S-B-P07-H3       25             5      10        5
S-B-P08-H1       30             0      15       30
S-B-P08-H2       20             0      20       35
S-B-P08-H3       30             0      15       30
S-B-P09-H1       30            50       0        1
S-B-P09-H2        1            90       0       10
S-B-P09-H3       10            90       0       40
S-B-P10-H1       10             0       0       15
S-B-P10-H2        5            10       0       20
S-B-P10-H3        1             0       0       10
S-C-P11-H1        0             0       0        0
S-C-P11-H2        0             0       0        0
S-C-P11-H3        0             0       0        0
S-C-P12-H1        5             5       0        8
S-C-P12-H2       15             5       0       20
S-C-P12-H3       10             0       5       15
S-C-P13-H1        5            10       0       15
S-C-P13-H2       10             5       0       10
S-C-P13-H3       10            15       0       40
S-C-P14-H1        5            20       0       25
S-C-P14-H2        5            15       0       30
S-C-P14-H3        5            10       0       30
S-C-P15-H1       10             5       0       20
S-C-P15-H2        5             0       0       10
S-C-P15-H3        5            10       0       40
S-C-P16-H1        5             5       0       10
S-C-P16-H2        0             0       0        0
S-C-P16-H3        0             0       0        0
S-C-P17-H1        5            15       0       45
S-C-P17-H2        5             5       0       45
S-C-P17-H3        5             5       0        0
S-C-P18-H1        5             0       0        0
S-C-P18-H2        5            15       0       35
S-C-P18-H3        0            10       0       25
S-C-P19-H1        5             5       0        5
S-C-P19-H2        5            15       0        5
S-C-P19-H3        5             5       0       15
 [ reached 'max' / getOption("max.print") -- omitted 51 rows ]
